0.1270953787003567
0
0
-0.3798431758583883
6.764781822876324
-0.0028058164575164315
0.18549745612009533
-1.2003189944857577
0
0
0
0.4387051576690104
-0.07930765805877114
-0.04101552572029865
0
-1.52615397062988
0
0.2720240912423323
0
-0.8557514518607255
0
0
0.16181838708463478
-0.05262706304070361
0.07010129637325936
0
-1.5050260380857687
1.1121715741566032
0
0
1.2713269705568044
1.0317113050687423
0
0.6917386978048985
-5.374436033451003
0
0.016151435862648188
-0.5099343925872952
0
-0.5796124143024581
0.26929035502526627
0.14822366073704063
0
0.8786984279535938
0.41215877953613506
0
0
